0	0	0	0	3	0	3	0
0	0	0	0	3	3	3	3
0.42341	0	0.44428	0	3	3	3	3
0.82804	0.42341	0.88771	0.44428	3	3	3	3
1.2213	0.82804	1.3303	0.88771	3	3	3	3
1.6057	1.2213	1.7721	1.3303	3	3	3	3
1.9823	1.6057	2.2131	1.7721	3	3	3	3
2.3523	1.9823	2.6533	2.2131	3	3	3	3
2.7161	2.3523	3.0927	2.6533	3	3	3	3
3.0743	2.7161	3.5314	3.0927	3	3	3	3
3.4274	3.0743	3.9693	3.5314	3	3	3	3
3.7757	3.4274	4.4064	3.9693	3	3	3	3
4.1195	3.7757	4.8427	4.4064	3	3	3	3
4.459	4.1195	5.2783	4.8427	3	3	3	3
4.7945	4.459	5.7131	5.2783	3	3	3	3
5.126	4.7945	6.1472	5.7131	3	3	3	3
5.4539	5.126	6.5806	6.1472	3	3	3	3
5.7782	5.4539	7.0132	6.5806	3	3	3	3
6.0991	5.7782	7.4451	7.0132	3	3	3	3
6.4168	6.0991	7.8762	7.4451	3	3	3	3
6.7313	6.4168	8.3066	7.8762	3	3	3	3
7.0427	6.7313	8.7363	8.3066	3	3	3	3
7.3511	7.0427	9.1652	8.7363	3	3	3	3
7.6567	7.3511	9.5935	9.1652	3	3	3	3
7.9594	7.6567	10.021	9.5935	3	3	3	3
8.2595	7.9594	10.448	10.021	3	3	3	3
8.5569	8.2595	10.874	10.448	3	3	3	3
8.8518	8.5569	11.299	10.874	3	3	3	3
9.1441	8.8518	11.724	11.299	3	3	3	3
9.434	9.1441	12.148	11.724	3	3	3	3
9.7216	9.434	12.571	12.148	3	3	3	3
10.007	9.7216	12.994	12.571	3	3	3	3
10.29	10.007	13.416	12.994	3	3	3	3
10.57	10.29	13.837	13.416	3	3	3	3
10.849	10.57	14.257	13.837	3	3	3	3
11.125	10.849	14.677	14.257	3	3	3	3
11.399	11.125	15.096	14.677	3	3	3	3
11.672	11.399	15.515	15.096	3	3	3	3
11.942	11.672	15.933	15.515	3	3	3	3
12.21	11.942	16.35	15.933	3	3	3	3
12.476	12.21	16.766	16.35	3	3	3	3
12.741	12.476	17.182	16.766	3	3	3	3
13.003	12.741	17.597	17.182	3	3	3	3
13.264	13.003	18.011	17.597	2.8992	3	2.9428	3
13.523	13.264	18.425	18.011	2.485	2.8992	2.1967	2.9428
13.765	13.523	18.83	18.425	2.2105	2.485	1.7094	2.1967
13.944	13.765	19.123	18.83	2.0022	2.2105	1.337	1.7094
14.082	13.944	19.344	19.123	1.8469	2.0022	1.0588	1.337
14.188	14.082	19.509	19.344	1.7308	1.8469	0.85016	1.0588
14.27	14.188	19.633	19.509	1.6439	1.7308	0.69382	0.85016
14.334	14.27	19.726	19.633	1.5788	1.6439	0.57661	0.69382
14.386	14.334	19.795	19.726	1.5298	1.5788	0.48869	0.57661
14.427	14.386	19.847	19.795	1.493	1.5298	0.42271	0.48869
14.461	14.427	19.887	19.847	1.4651	1.493	0.37316	0.42271
14.489	14.461	19.916	19.887	1.444	1.4651	0.33592	0.37316
14.513	14.489	19.938	19.916	1.4279	1.444	0.3079	0.33592
14.533	14.513	19.954	19.938	1.4156	1.4279	0.28679	0.3079
14.551	14.533	19.967	19.954	1.406	1.4156	0.27085	0.28679
14.567	14.551	19.976	19.967	1.3986	1.406	0.25878	0.27085
14.582	14.567	19.983	19.976	1.3927	1.3986	0.24963	0.25878
14.595	14.582	19.988	19.983	1.388	1.3927	0.24265	0.24963
14.608	14.595	19.993	19.988	1.3841	1.388	0.23731	0.24265
14.619	14.608	19.996	19.993	1.381	1.3841	0.23319	0.23731
14.63	14.619	19.998	19.996	1.3783	1.381	0.23	0.23319
14.641	14.63	20	19.998	1.3761	1.3783	0.2275	0.23
14.651	14.641	20.001	20	1.3741	1.3761	0.22553	0.2275
14.66	14.651	20.002	20.001	1.3723	1.3741	0.22394	0.22553
14.669	14.66	20.003	20.002	1.3707	1.3723	0.22266	0.22394
14.678	14.669	20.003	20.003	1.3693	1.3707	0.2216	0.22266
14.687	14.678	20.004	20.003	1.368	1.3693	0.22071	0.2216
14.695	14.687	20.004	20.004	1.3667	1.368	0.21996	0.22071
14.703	14.695	20.004	20.004	1.3656	1.3667	0.2193	0.21996
14.711	14.703	20.005	20.004	1.3645	1.3656	0.21873	0.2193
14.719	14.711	20.005	20.005	1.3634	1.3645	0.21821	0.21873
14.726	14.719	20.005	20.005	1.3624	1.3634	0.21774	0.21821
14.733	14.726	20.005	20.005	1.3614	1.3624	0.21731	0.21774
14.741	14.733	20.005	20.005	1.3605	1.3614	0.21691	0.21731
14.747	14.741	20.005	20.005	1.3596	1.3605	0.21654	0.21691
14.754	14.747	20.005	20.005	1.3587	1.3596	0.21619	0.21654
14.761	14.754	20.005	20.005	1.3579	1.3587	0.21585	0.21619
14.767	14.761	20.005	20.005	1.3571	1.3579	0.21553	0.21585
14.773	14.767	20.005	20.005	1.3562	1.3571	0.21523	0.21553
14.779	14.773	20.005	20.005	1.3555	1.3562	0.21493	0.21523
14.785	14.779	20.005	20.005	1.3547	1.3555	0.21465	0.21493
14.79	14.785	20.005	20.005	1.354	1.3547	0.21438	0.21465
14.796	14.79	20.005	20.005	1.3533	1.354	0.21411	0.21438
14.801	14.796	20.005	20.005	1.3526	1.3533	0.21385	0.21411
14.807	14.801	20.005	20.005	1.3519	1.3526	0.21361	0.21385
14.812	14.807	20.005	20.005	1.3512	1.3519	0.21337	0.21361
14.817	14.812	20.005	20.005	1.3506	1.3512	0.21313	0.21337
14.821	14.817	20.005	20.005	1.35	1.3506	0.21291	0.21313
14.826	14.821	20.005	20.005	1.3493	1.35	0.21269	0.21291
14.831	14.826	20.005	20.005	1.3487	1.3493	0.21248	0.21269
14.835	14.831	20.005	20.005	1.3482	1.3487	0.21227	0.21248
14.839	14.835	20.005	20.005	1.3476	1.3482	0.21207	0.21227
14.844	14.839	20.005	20.005	1.3471	1.3476	0.21188	0.21207
14.848	14.844	20.005	20.005	1.3465	1.3471	0.21169	0.21188
14.852	14.848	20.005	20.005	1.346	1.3465	0.2115	0.21169
14.856	14.852	20.005	20.005	1.3455	1.346	0.21132	0.2115
14.859	14.856	20.005	20.005	1.345	1.3455	0.21115	0.21132
14.863	14.859	20.005	20.005	1.3445	1.345	0.21098	0.21115
14.867	14.863	20.005	20.005	1.3441	1.3445	0.21082	0.21098
14.87	14.867	20.005	20.005	1.3436	1.3441	0.21066	0.21082
14.874	14.87	20.005	20.005	1.3432	1.3436	0.2105	0.21066
14.877	14.874	20.005	20.005	1.3427	1.3432	0.21035	0.2105
14.88	14.877	20.005	20.005	1.3423	1.3427	0.21021	0.21035
14.883	14.88	20.005	20.005	1.3419	1.3423	0.21007	0.21021
14.886	14.883	20.005	20.005	1.3415	1.3419	0.20993	0.21007
14.889	14.886	20.005	20.005	1.3411	1.3415	0.2098	0.20993
14.892	14.889	20.005	20.005	1.3407	1.3411	0.20966	0.2098
14.895	14.892	20.005	20.005	1.3404	1.3407	0.20954	0.20966
14.898	14.895	20.005	20.005	1.34	1.3404	0.20942	0.20954
14.9	14.898	20.005	20.005	1.3397	1.34	0.2093	0.20942
14.903	14.9	20.005	20.005	1.3393	1.3397	0.20918	0.2093
14.906	14.903	20.004	20.005	1.339	1.3393	0.20907	0.20918
14.908	14.906	20.004	20.004	1.3387	1.339	0.20896	0.20907
14.911	14.908	20.004	20.004	1.3383	1.3387	0.20885	0.20896
14.913	14.911	20.004	20.004	1.338	1.3383	0.20875	0.20885
14.915	14.913	20.004	20.004	1.3378	1.338	0.20865	0.20875
14.917	14.915	20.004	20.004	1.3375	1.3378	0.20855	0.20865
14.92	14.917	20.004	20.004	1.3372	1.3375	0.20846	0.20855
14.922	14.92	20.004	20.004	1.3369	1.3372	0.20837	0.20846
14.924	14.922	20.004	20.004	1.3366	1.3369	0.20828	0.20837
14.926	14.924	20.004	20.004	1.3364	1.3366	0.20819	0.20828
14.928	14.926	20.004	20.004	1.3361	1.3364	0.20811	0.20819
14.93	14.928	20.004	20.004	1.3359	1.3361	0.20802	0.20811
14.932	14.93	20.004	20.004	1.3356	1.3359	0.20794	0.20802
14.933	14.932	20.004	20.004	1.3354	1.3356	0.20787	0.20794
14.935	14.933	20.004	20.004	1.3352	1.3354	0.20779	0.20787
14.937	14.935	20.004	20.004	1.335	1.3352	0.20772	0.20779
14.938	14.937	20.004	20.004	1.3347	1.335	0.20765	0.20772
14.94	14.938	20.003	20.004	1.3345	1.3347	0.20758	0.20765
14.942	14.94	20.003	20.003	1.3343	1.3345	0.20751	0.20758
14.943	14.942	20.003	20.003	1.3341	1.3343	0.20745	0.20751
14.945	14.943	20.003	20.003	1.3339	1.3341	0.20738	0.20745
14.946	14.945	20.003	20.003	1.3337	1.3339	0.20732	0.20738
14.948	14.946	20.003	20.003	1.3336	1.3337	0.20726	0.20732
14.949	14.948	20.003	20.003	1.3334	1.3336	0.20721	0.20726
14.95	14.949	20.003	20.003	1.3332	1.3334	0.20715	0.20721
14.951	14.95	20.003	20.003	1.333	1.3332	0.20709	0.20715
14.953	14.951	20.003	20.003	1.3329	1.333	0.20704	0.20709
14.954	14.953	20.003	20.003	1.3327	1.3329	0.20699	0.20704
14.955	14.954	20.003	20.003	1.3325	1.3327	0.20694	0.20699
14.956	14.955	20.003	20.003	1.3324	1.3325	0.20689	0.20694
14.958	14.956	20.003	20.003	1.3322	1.3324	0.20684	0.20689
14.959	14.958	20.003	20.003	1.3321	1.3322	0.2068	0.20684
14.96	14.959	20.003	20.003	1.332	1.3321	0.20675	0.2068
14.961	14.96	20.003	20.003	1.3318	1.332	0.20671	0.20675
14.962	14.961	20.003	20.003	1.3317	1.3318	0.20667	0.20671
14.963	14.962	20.003	20.003	1.3316	1.3317	0.20663	0.20667
14.964	14.963	20.003	20.003	1.3314	1.3316	0.20659	0.20663
14.965	14.964	20.003	20.003	1.4316	1.3314	0.20688	0.20659
14.926	14.965	20.002	20.003	1.4832	1.4316	0.20754	0.20688
14.9	14.926	20.002	20.002	1.5262	1.4832	0.20827	0.20754
14.88	14.9	20.002	20.002	1.56	1.5262	0.209	0.20827
14.865	14.88	20.001	20.002	1.5867	1.56	0.20969	0.209
14.854	14.865	20.001	20.001	1.6078	1.5867	0.21029	0.20969
14.847	14.854	20	20.001	1.6244	1.6078	0.21081	0.21029
14.842	14.847	20	20	1.6374	1.6244	0.21123	0.21081
14.839	14.842	20	20	1.6476	1.6374	0.21156	0.21123
14.838	14.839	20	20	1.6556	1.6476	0.21182	0.21156
14.837	14.838	20	20	1.6617	1.6556	0.212	0.21182
14.838	14.837	20	20	1.6665	1.6617	0.21211	0.212
14.839	14.838	20	20	1.6701	1.6665	0.21218	0.21211
14.842	14.839	20	20	1.6729	1.6701	0.21219	0.21218
14.844	14.842	20	20	1.6749	1.6729	0.21218	0.21219
14.847	14.844	20	20	1.6764	1.6749	0.21212	0.21218
14.85	14.847	20	20	1.6775	1.6764	0.21205	0.21212
14.853	14.85	20	20	1.6782	1.6775	0.21195	0.21205
14.856	14.853	20	20	1.6786	1.6782	0.21184	0.21195
14.859	14.856	20	20	1.6789	1.6786	0.21172	0.21184
14.863	14.859	20	20	1.6789	1.6789	0.21159	0.21172
14.866	14.863	20	20	1.6789	1.6789	0.21145	0.21159
14.869	14.866	20	20	1.6787	1.6789	0.2113	0.21145
14.872	14.869	20	20	1.6785	1.6787	0.21116	0.2113
14.876	14.872	20	20	1.6782	1.6785	0.21101	0.21116
14.879	14.876	20	20	1.6779	1.6782	0.21086	0.21101
14.882	14.879	20	20	1.6775	1.6779	0.21072	0.21086
14.885	14.882	20	20	1.6771	1.6775	0.21057	0.21072
14.888	14.885	20	20	1.6767	1.6771	0.21043	0.21057
14.891	14.888	20	20	1.6763	1.6767	0.21029	0.21043
14.894	14.891	20	20	1.6759	1.6763	0.21015	0.21029
14.897	14.894	20	20	1.6755	1.6759	0.21001	0.21015
14.899	14.897	20.001	20	1.675	1.6755	0.20988	0.21001
14.902	14.899	20.001	20.001	1.6746	1.675	0.20974	0.20988
14.905	14.902	20.001	20.001	1.6742	1.6746	0.20962	0.20974
14.907	14.905	20.001	20.001	1.6738	1.6742	0.20949	0.20962
14.91	14.907	20.001	20.001	1.6734	1.6738	0.20937	0.20949
14.912	14.91	20.001	20.001	1.673	1.6734	0.20925	0.20937
14.915	14.912	20.001	20.001	1.6726	1.673	0.20914	0.20925
14.917	14.915	20.001	20.001	1.6723	1.6726	0.20903	0.20914
14.919	14.917	20.001	20.001	1.6719	1.6723	0.20892	0.20903
14.921	14.919	20.001	20.001	1.6715	1.6719	0.20881	0.20892
14.923	14.921	20.001	20.001	1.6712	1.6715	0.20871	0.20881
14.925	14.923	20.001	20.001	1.6708	1.6712	0.20861	0.20871
14.927	14.925	20.001	20.001	1.6705	1.6708	0.20851	0.20861
14.929	14.927	20.001	20.001	1.6702	1.6705	0.20842	0.20851
14.931	14.929	20.001	20.001	1.6699	1.6702	0.20833	0.20842
14.933	14.931	20.001	20.001	1.6696	1.6699	0.20824	0.20833
14.935	14.933	20.001	20.001	1.6693	1.6696	0.20815	0.20824
14.937	14.935	20.001	20.001	1.669	1.6693	0.20807	0.20815
14.938	14.937	20.001	20.001	1.6687	1.669	0.20799	0.20807
14.94	14.938	20.001	20.001	1.6684	1.6687	0.20791	0.20799
14.942	14.94	20.001	20.001	1.6682	1.6684	0.20783	0.20791
14.943	14.942	20.001	20.001	1.6679	1.6682	0.20775	0.20783
14.945	14.943	20.001	20.001	1.6677	1.6679	0.20768	0.20775
14.946	14.945	20.001	20.001	1.6674	1.6677	0.20761	0.20768
14.948	14.946	20.001	20.001	1.6672	1.6674	0.20754	0.20761
14.949	14.948	20.001	20.001	1.6669	1.6672	0.20747	0.20754
14.95	14.949	20.001	20.001	1.6667	1.6669	0.20741	0.20747
14.952	14.95	20.001	20.001	1.6665	1.6667	0.20735	0.20741
14.953	14.952	20.001	20.001	1.6663	1.6665	0.20729	0.20735
14.954	14.953	20.001	20.001	1.666	1.6663	0.20723	0.20729
14.955	14.954	20.001	20.001	1.6658	1.666	0.20717	0.20723
14.957	14.955	20.001	20.001	1.6656	1.6658	0.20711	0.20717
14.958	14.957	20.001	20.001	1.6655	1.6656	0.20706	0.20711
14.959	14.958	20.001	20.001	1.6653	1.6655	0.20701	0.20706
14.96	14.959	20.001	20.001	1.6651	1.6653	0.20696	0.20701
14.961	14.96	20.001	20.001	1.6649	1.6651	0.20691	0.20696
14.962	14.961	20.001	20.001	1.6647	1.6649	0.20686	0.20691
14.963	14.962	20.001	20.001	1.6646	1.6647	0.20681	0.20686
14.964	14.963	20.001	20.001	1.6644	1.6646	0.20677	0.20681
14.965	14.964	20.001	20.001	1.6642	1.6644	0.20672	0.20677
14.966	14.965	20.001	20.001	1.6641	1.6642	0.20668	0.20672
14.967	14.966	20.001	20.001	1.6639	1.6641	0.20664	0.20668
14.968	14.967	20.001	20.001	1.6638	1.6639	0.2066	0.20664
14.969	14.968	20.001	20.001	1.6636	1.6638	0.20656	0.2066
14.97	14.969	20.001	20.001	1.6635	1.6636	0.20652	0.20656
14.97	14.97	20.001	20.001	1.6634	1.6635	0.20648	0.20652
14.971	14.97	20.001	20.001	1.6632	1.6634	0.20644	0.20648
14.972	14.971	20.001	20.001	1.6631	1.6632	0.20641	0.20644
14.973	14.972	20.001	20.001	1.663	1.6631	0.20638	0.20641
14.973	14.973	20.001	20.001	1.6628	1.663	0.20634	0.20638
14.974	14.973	20.001	20.001	1.6627	1.6628	0.20631	0.20634
14.975	14.974	20.001	20.001	1.6626	1.6627	0.20628	0.20631
14.976	14.975	20.001	20.001	1.6625	1.6626	0.20625	0.20628
14.976	14.976	20.001	20.001	1.6624	1.6625	0.20622	0.20625
14.977	14.976	20.001	20.001	1.6623	1.6624	0.20619	0.20622
14.977	14.977	20.001	20.001	1.6622	1.6623	0.20616	0.20619
14.978	14.977	20.001	20.001	1.6621	1.6622	0.20614	0.20616
14.979	14.978	20.001	20.001	1.662	1.6621	0.20611	0.20614
14.979	14.979	20.001	20.001	1.6619	1.662	0.20609	0.20611
14.98	14.979	20.001	20.001	1.6618	1.6619	0.20606	0.20609
14.98	14.98	20.001	20.001	1.6617	1.6618	0.20604	0.20606
14.981	14.98	20.001	20.001	1.6616	1.6617	0.20601	0.20604
14.981	14.981	20.001	20.001	1.6615	1.6616	0.20599	0.20601
14.982	14.981	20.001	20.001	1.6614	1.6615	0.20597	0.20599
14.982	14.982	20.001	20.001	1.6614	1.6614	0.20595	0.20597
14.983	14.982	20.001	20.001	1.6613	1.6614	0.20593	0.20595
14.983	14.983	20.001	20.001	1.6612	1.6613	0.20591	0.20593
14.984	14.983	20.001	20.001	1.6611	1.6612	0.20589	0.20591
14.984	14.984	20.001	20.001	1.661	1.6611	0.20587	0.20589
14.985	14.984	20.001	20.001	1.661	1.661	0.20585	0.20587
14.985	14.985	20.001	20.001	1.6609	1.661	0.20583	0.20585
14.985	14.985	20.001	20.001	1.6608	1.6609	0.20582	0.20583
14.986	14.985	20.001	20.001	1.6608	1.6608	0.2058	0.20582
14.986	14.986	20.001	20.001	1.6607	1.6608	0.20578	0.2058
14.986	14.986	20.001	20.001	1.6607	1.6607	0.20577	0.20578
14.987	14.986	20.001	20.001	1.6606	1.6607	0.20575	0.20577
14.987	14.987	20.001	20.001	1.6605	1.6606	0.20574	0.20575
14.988	14.987	20.001	20.001	1.6605	1.6605	0.20572	0.20574
14.988	14.988	20.001	20.001	1.6604	1.6605	0.20571	0.20572
14.988	14.988	20.001	20.001	1.6604	1.6604	0.20569	0.20571
14.989	14.988	20.001	20.001	1.6603	1.6604	0.20568	0.20569
14.989	14.989	20.001	20.001	1.6603	1.6603	0.20567	0.20568
14.989	14.989	20.001	20.001	1.6602	1.6603	0.20566	0.20567
14.989	14.989	20.001	20.001	1.6602	1.6602	0.20564	0.20566
14.99	14.989	20.001	20.001	1.6601	1.6602	0.20563	0.20564
14.99	14.99	20.001	20.001	1.6601	1.6601	0.20562	0.20563
14.99	14.99	20.001	20.001	1.66	1.6601	0.20561	0.20562
14.991	14.99	20.001	20.001	1.66	1.66	0.2056	0.20561
14.991	14.991	20.001	20.001	1.6599	1.66	0.20559	0.2056
14.991	14.991	20.001	20.001	1.6599	1.6599	0.20558	0.20559
14.991	14.991	20.001	20.001	1.6599	1.6599	0.20557	0.20558
14.992	14.991	20.001	20.001	1.6598	1.6599	0.20556	0.20557
14.992	14.992	20.001	20.001	1.6598	1.6598	0.20555	0.20556
14.992	14.992	20.001	20.001	1.6597	1.6598	0.20554	0.20555
14.992	14.992	20.001	20.001	1.6597	1.6597	0.20553	0.20554
14.992	14.992	20.001	20.001	1.6597	1.6597	0.20552	0.20553
14.993	14.992	20.001	20.001	1.6596	1.6597	0.20552	0.20552
14.993	14.993	20.001	20.001	1.6596	1.6596	0.20551	0.20552
14.993	14.993	20	20.001	1.6596	1.6596	0.2055	0.20551
14.993	14.993	20	20	1.6595	1.6596	0.20549	0.2055
14.993	14.993	20	20	1.6595	1.6595	0.20549	0.20549
14.993	14.993	20	20	1.6595	1.6595	0.20548	0.20549
14.994	14.993	20	20	1.6595	1.6595	0.20547	0.20548
14.994	14.994	20	20	1.6594	1.6595	0.20546	0.20547
14.994	14.994	20	20	1.6594	1.6594	0.20546	0.20546
14.994	14.994	20	20	1.6594	1.6594	0.20545	0.20546
14.994	14.994	20	20	1.6593	1.6594	0.20544	0.20545
14.995	14.994	20	20	1.6593	1.6593	0.20544	0.20544
14.995	14.995	20	20	1.6593	1.6593	0.20543	0.20544
14.995	14.995	20	20	1.6593	1.6593	0.20543	0.20543
14.995	14.995	20	20	1.6592	1.6593	0.20542	0.20543
14.995	14.995	20	20	1.6592	1.6592	0.20542	0.20542
14.995	14.995	20	20	1.6592	1.6592	0.20541	0.20542
14.995	14.995	20	20	1.6592	1.6592	0.20541	0.20541
14.996	14.995	20	20	1.6592	1.6592	0.2054	0.20541
14.996	14.996	20	20	1.6591	1.6592	0.2054	0.2054
14.996	14.996	20	20	1.6591	1.6591	0.20539	0.2054
14.996	14.996	20	20	1.6591	1.6591	0.20539	0.20539
14.996	14.996	20	20	1.5341	1.6591	0.20497	0.20539
15.045	14.996	20	20	1.479	1.5341	0.20413	0.20497
15.075	15.045	20.001	20	1.4343	1.479	0.20326	0.20413
15.097	15.075	20.001	20.001	1.4015	1.4343	0.20241	0.20326
15.113	15.097	20.002	20.001	1.3772	1.4015	0.20165	0.20241
15.123	15.113	20.002	20.002	1.3593	1.3772	0.201	0.20165
15.13	15.123	20.002	20.002	1.346	1.3593	0.20047	0.201
15.134	15.13	20.003	20.002	1.3363	1.346	0.20005	0.20047
15.136	15.134	20.003	20.003	1.3291	1.3363	0.19974	0.20005
15.136	15.136	20.003	20.003	1.3239	1.3291	0.19951	0.19974
15.136	15.136	20.003	20.003	1.3202	1.3239	0.19935	0.19951
15.134	15.136	20.003	20.003	1.3175	1.3202	0.19926	0.19935
15.132	15.134	20.003	20.003	1.3157	1.3175	0.19923	0.19926
15.13	15.132	20.003	20.003	1.3144	1.3157	0.19923	0.19923
15.128	15.13	20.003	20.003	1.3135	1.3144	0.19927	0.19923
15.125	15.128	20.003	20.003	1.313	1.3135	0.19933	0.19927
15.122	15.125	20.003	20.003	1.3127	1.313	0.19941	0.19933
15.12	15.122	20.002	20.003	1.3126	1.3127	0.19951	0.19941
15.117	15.12	20.002	20.002	1.3126	1.3126	0.19962	0.19951
15.114	15.117	20.002	20.002	1.3127	1.3126	0.19974	0.19962
15.111	15.114	20.002	20.002	1.3129	1.3127	0.19986	0.19974
15.108	15.111	20.002	20.002	1.3131	1.3129	0.19999	0.19986
15.105	15.108	20.002	20.002	1.3133	1.3131	0.20011	0.19999
15.103	15.105	20.002	20.002	1.3136	1.3133	0.20024	0.20011
15.1	15.103	20.002	20.002	1.3139	1.3136	0.20037	0.20024
15.098	15.1	20.002	20.002	1.3142	1.3139	0.2005	0.20037
15.095	15.098	20.002	20.002	1.3145	1.3142	0.20063	0.2005
15.092	15.095	20.001	20.002	1.3148	1.3145	0.20075	0.20063
15.09	15.092	20.001	20.001	1.3151	1.3148	0.20087	0.20075
15.088	15.09	20.001	20.001	1.3154	1.3151	0.20099	0.20087
15.085	15.088	20.001	20.001	1.3156	1.3154	0.20111	0.20099
15.083	15.085	20.001	20.001	1.3159	1.3156	0.20122	0.20111
15.081	15.083	20.001	20.001	1.3162	1.3159	0.20134	0.20122
15.079	15.081	20.001	20.001	1.3165	1.3162	0.20145	0.20134
15.077	15.079	20.001	20.001	1.3167	1.3165	0.20155	0.20145
15.075	15.077	20.001	20.001	1.317	1.3167	0.20165	0.20155
15.073	15.075	20.001	20.001	1.3173	1.317	0.20175	0.20165
15.071	15.073	20.001	20.001	1.3175	1.3173	0.20185	0.20175
15.069	15.071	20	20.001	1.3177	1.3175	0.20195	0.20185
15.067	15.069	20	20	1.318	1.3177	0.20204	0.20195
15.065	15.067	20	20	1.3182	1.318	0.20213	0.20204
15.064	15.065	20	20	1.3184	1.3182	0.20222	0.20213
15.062	15.064	20	20	1.3186	1.3184	0.2023	0.20222
15.06	15.062	20	20	1.3189	1.3186	0.20239	0.2023
15.059	15.06	20	20	1.3191	1.3189	0.20247	0.20239
15.057	15.059	20	20	1.3193	1.3191	0.20255	0.20247
15.056	15.057	20	20	1.3195	1.3193	0.20262	0.20255
15.054	15.056	20	20	1.3197	1.3195	0.20269	0.20262
15.053	15.054	20	20	1.3198	1.3197	0.20277	0.20269
15.052	15.053	20	20	1.32	1.3198	0.20284	0.20277
15.05	15.052	20	20	1.3202	1.32	0.2029	0.20284
15.049	15.05	20	20	1.3204	1.3202	0.20297	0.2029
15.047	15.049	20	20	1.3205	1.3204	0.20303	0.20297
15.046	15.047	20	20	1.3207	1.3205	0.2031	0.20303
15.045	15.046	20	20	1.3209	1.3207	0.20316	0.2031
15.044	15.045	20	20	1.321	1.3209	0.20322	0.20316
15.043	15.044	20	20	1.3212	1.321	0.20327	0.20322
15.042	15.043	20	20	1.3213	1.3212	0.20333	0.20327
15.041	15.042	20	20	1.3215	1.3213	0.20338	0.20333
15.04	15.041	20	20	1.3216	1.3215	0.20344	0.20338
15.038	15.04	20	20	1.3217	1.3216	0.20349	0.20344
15.037	15.038	20	20	1.3219	1.3217	0.20354	0.20349
15.036	15.037	20	20	1.322	1.3219	0.20358	0.20354
15.036	15.036	20	20	1.3221	1.322	0.20363	0.20358
15.035	15.036	20	20	1.3222	1.3221	0.20368	0.20363
15.034	15.035	20	20	1.3223	1.3222	0.20372	0.20368
15.033	15.034	20	20	1.3225	1.3223	0.20377	0.20372
15.032	15.033	20	20	1.3226	1.3225	0.20381	0.20377
15.031	15.032	20	20	1.3227	1.3226	0.20385	0.20381
15.03	15.031	20	20	1.3228	1.3227	0.20389	0.20385
15.029	15.03	20	20	1.3229	1.3228	0.20393	0.20389
15.029	15.029	20	20	1.323	1.3229	0.20396	0.20393
15.028	15.029	20	20	1.3231	1.323	0.204	0.20396
15.027	15.028	20	20	1.3232	1.3231	0.20403	0.204
15.027	15.027	20	20	1.3233	1.3232	0.20407	0.20403
15.026	15.027	20	20	1.3234	1.3233	0.2041	0.20407
15.025	15.026	20	20	1.3235	1.3234	0.20413	0.2041
15.024	15.025	20	20	1.3235	1.3235	0.20417	0.20413
15.024	15.024	20	20	1.3236	1.3235	0.2042	0.20417
15.023	15.024	20	20	1.3237	1.3236	0.20423	0.2042
15.023	15.023	20	20	1.3238	1.3237	0.20425	0.20423
15.022	15.023	20	20	1.3239	1.3238	0.20428	0.20425
15.021	15.022	20	20	1.3239	1.3239	0.20431	0.20428
15.021	15.021	20	20	1.324	1.3239	0.20434	0.20431
15.02	15.021	20	20	1.3241	1.324	0.20436	0.20434
15.02	15.02	20	20	1.3241	1.3241	0.20439	0.20436
15.019	15.02	20	20	1.3242	1.3241	0.20441	0.20439
15.019	15.019	20	20	1.3243	1.3242	0.20444	0.20441
15.018	15.019	20	20	1.3243	1.3243	0.20446	0.20444
15.018	15.018	20	20	1.3244	1.3243	0.20448	0.20446
15.017	15.018	20	20	1.3245	1.3244	0.2045	0.20448
15.017	15.017	20	20	1.3245	1.3245	0.20452	0.2045
15.016	15.017	20	20	1.3246	1.3245	0.20454	0.20452
15.016	15.016	20	20	1.3246	1.3246	0.20456	0.20454
15.015	15.016	20	20	1.3247	1.3246	0.20458	0.20456
15.015	15.015	20	20	1.3248	1.3247	0.2046	0.20458
15.015	15.015	20	20	1.3248	1.3248	0.20462	0.2046
15.014	15.015	20	20	1.3249	1.3248	0.20464	0.20462
15.014	15.014	20	20	1.3249	1.3249	0.20466	0.20464
15.014	15.014	20	20	1.325	1.3249	0.20467	0.20466
15.013	15.014	20	20	1.325	1.325	0.20469	0.20467
15.013	15.013	20	20	1.325	1.325	0.2047	0.20469
15.013	15.013	20	20	1.3251	1.325	0.20472	0.2047
15.012	15.013	20	20	1.3251	1.3251	0.20473	0.20472
15.012	15.012	20	20	1.3252	1.3251	0.20475	0.20473
15.012	15.012	20	20	1.3252	1.3252	0.20476	0.20475
15.011	15.012	20	20	1.3253	1.3252	0.20478	0.20476
15.011	15.011	20	20	1.3253	1.3253	0.20479	0.20478
15.011	15.011	20	20	1.3253	1.3253	0.2048	0.20479
15.01	15.011	20	20	1.3254	1.3253	0.20482	0.2048
15.01	15.01	20	20	1.3254	1.3254	0.20483	0.20482
15.01	15.01	20	20	1.3254	1.3254	0.20484	0.20483
15.01	15.01	20	20	1.3255	1.3254	0.20485	0.20484
15.009	15.01	20	20	1.3255	1.3255	0.20486	0.20485
15.009	15.009	20	20	1.3255	1.3255	0.20487	0.20486
15.009	15.009	20	20	1.3256	1.3255	0.20488	0.20487
15.009	15.009	20	20	1.3256	1.3256	0.20489	0.20488
15.008	15.009	20	20	1.3256	1.3256	0.2049	0.20489
15.008	15.008	20	20	1.3257	1.3256	0.20491	0.2049
15.008	15.008	20	20	1.3257	1.3257	0.20492	0.20491
15.008	15.008	20	20	1.3257	1.3257	0.20493	0.20492
15.008	15.008	20	20	1.3257	1.3257	0.20494	0.20493
15.007	15.008	20	20	1.3258	1.3257	0.20495	0.20494
15.007	15.007	20	20	1.3258	1.3258	0.20496	0.20495
15.007	15.007	20	20	1.3258	1.3258	0.20497	0.20496
15.007	15.007	20	20	1.3258	1.3258	0.20497	0.20497
15.007	15.007	20	20	1.3259	1.3258	0.20498	0.20497
15.007	15.007	20	20	1.3259	1.3259	0.20499	0.20498
15.006	15.007	20	20	1.3259	1.3259	0.205	0.20499
15.006	15.006	20	20	1.3259	1.3259	0.205	0.205
15.006	15.006	20	20	1.3259	1.3259	0.20501	0.205
15.006	15.006	20	20	1.326	1.3259	0.20502	0.20501
15.006	15.006	20	20	1.326	1.326	0.20502	0.20502
15.006	15.006	20	20	1.326	1.326	0.20503	0.20502
15.005	15.006	20	20	1.326	1.326	0.20504	0.20503
15.005	15.005	20	20	1.326	1.326	0.20504	0.20504
15.005	15.005	20	20	1.3261	1.326	0.20505	0.20504
15.005	15.005	20	20	1.3261	1.3261	0.20505	0.20505
15.005	15.005	20	20	1.3261	1.3261	0.20506	0.20505
15.005	15.005	20	20	1.3261	1.3261	0.20507	0.20506
15.005	15.005	20	20	1.3261	1.3261	0.20507	0.20507
15.004	15.005	20	20	1.3261	1.3261	0.20508	0.20507
15.004	15.004	20	20	1.3262	1.3261	0.20508	0.20508
15.004	15.004	20	20	1.3262	1.3262	0.20508	0.20508
15.004	15.004	20	20	1.3262	1.3262	0.20509	0.20508
15.004	15.004	20	20	1.3262	1.3262	0.20509	0.20509
15.004	15.004	20	20	1.3262	1.3262	0.2051	0.20509
15.004	15.004	20	20	1.3262	1.3262	0.2051	0.2051
15.004	15.004	20	20	1.3262	1.3262	0.20511	0.2051
15.004	15.004	20	20	1.3262	1.3262	0.20511	0.20511
15.004	15.004	20	20	1.3263	1.3262	0.22057	0.20511
15.003	15.004	19.994	20	1.3263	1.3263	0.22856	0.22057
15.003	15.003	19.99	19.994	1.3263	1.3263	0.23522	0.22856
15.003	15.003	19.986	19.99	1.3263	1.3263	0.24047	0.23522
15.003	15.003	19.984	19.986	1.3263	1.3263	0.24463	0.24047
15.003	15.003	19.982	19.984	1.3263	1.3263	0.24792	0.24463
15.003	15.003	19.981	19.982	1.3263	1.3263	0.25051	0.24792
15.003	15.003	19.98	19.981	1.3263	1.3263	0.25256	0.25051
15.003	15.003	19.979	19.98	1.3263	1.3263	0.25416	0.25256
15.003	15.003	19.979	19.979	1.3264	1.3263	0.25542	0.25416
15.003	15.003	19.979	19.979	1.3264	1.3264	0.2564	0.25542
15.003	15.003	19.979	19.979	1.3264	1.3264	0.25716	0.2564
15.003	15.003	19.979	19.979	1.3264	1.3264	0.25774	0.25716
15.003	15.003	19.979	19.979	1.3264	1.3264	0.25819	0.25774
15.002	15.003	19.979	19.979	1.3264	1.3264	0.25853	0.25819
15.002	15.002	19.98	19.979	1.3264	1.3264	0.25878	0.25853
15.002	15.002	19.98	19.98	1.3264	1.3264	0.25896	0.25878
15.002	15.002	19.98	19.98	1.3264	1.3264	0.25909	0.25896
15.002	15.002	19.981	19.98	1.3264	1.3264	0.25917	0.25909
15.002	15.002	19.981	19.981	1.3264	1.3264	0.25922	0.25917
15.002	15.002	19.982	19.981	1.3264	1.3264	0.25925	0.25922
15.002	15.002	19.982	19.982	1.3265	1.3264	0.25925	0.25925
15.002	15.002	19.983	19.982	1.3265	1.3265	0.25924	0.25925
15.002	15.002	19.983	19.983	1.3265	1.3265	0.25922	0.25924
15.002	15.002	19.983	19.983	1.3265	1.3265	0.25919	0.25922
15.002	15.002	19.984	19.983	1.3265	1.3265	0.25915	0.25919
15.002	15.002	19.984	19.984	1.3265	1.3265	0.2591	0.25915
15.002	15.002	19.985	19.984	1.3265	1.3265	0.25905	0.2591
15.002	15.002	19.985	19.985	1.3265	1.3265	0.259	0.25905
15.002	15.002	19.985	19.985	1.3265	1.3265	0.25895	0.259
15.002	15.002	19.986	19.985	1.3265	1.3265	0.25889	0.25895
15.002	15.002	19.986	19.986	1.3265	1.3265	0.25884	0.25889
15.002	15.002	19.987	19.986	1.3265	1.3265	0.25878	0.25884
15.002	15.002	19.987	19.987	1.3265	1.3265	0.25873	0.25878
15.001	15.002	19.987	19.987	1.3265	1.3265	0.25867	0.25873
15.001	15.001	19.988	19.987	1.3265	1.3265	0.25862	0.25867
15.001	15.001	19.988	19.988	1.3265	1.3265	0.25857	0.25862
15.001	15.001	19.988	19.988	1.3265	1.3265	0.25852	0.25857
15.001	15.001	19.989	19.988	1.3265	1.3265	0.25847	0.25852
15.001	15.001	19.989	19.989	1.3266	1.3265	0.25842	0.25847
15.001	15.001	19.989	19.989	1.3266	1.3266	0.25837	0.25842
15.001	15.001	19.99	19.989	1.3266	1.3266	0.25832	0.25837
15.001	15.001	19.99	19.99	1.3266	1.3266	0.25827	0.25832
15.001	15.001	19.99	19.99	1.3266	1.3266	0.25823	0.25827
15.001	15.001	19.99	19.99	1.3266	1.3266	0.25818	0.25823
15.001	15.001	19.991	19.99	1.3266	1.3266	0.25814	0.25818
15.001	15.001	19.991	19.991	1.3266	1.3266	0.2581	0.25814
15.001	15.001	19.991	19.991	1.3266	1.3266	0.25805	0.2581
15.001	15.001	19.991	19.991	1.3266	1.3266	0.25801	0.25805
15.001	15.001	19.992	19.991	1.3266	1.3266	0.25798	0.25801
15.001	15.001	19.992	19.992	1.3266	1.3266	0.25794	0.25798
15.001	15.001	19.992	19.992	1.3266	1.3266	0.2579	0.25794
15.001	15.001	19.992	19.992	1.3266	1.3266	0.25786	0.2579
15.001	15.001	19.992	19.992	1.3266	1.3266	0.25783	0.25786
15.001	15.001	19.993	19.992	1.3266	1.3266	0.2578	0.25783
15.001	15.001	19.993	19.993	1.3266	1.3266	0.25776	0.2578
15.001	15.001	19.993	19.993	1.3266	1.3266	0.25773	0.25776
15.001	15.001	19.993	19.993	1.3266	1.3266	0.2577	0.25773
15.001	15.001	19.993	19.993	1.3266	1.3266	0.25767	0.2577
15.001	15.001	19.994	19.993	1.3266	1.3266	0.25764	0.25767
15.001	15.001	19.994	19.994	1.3266	1.3266	0.25761	0.25764
15.001	15.001	19.994	19.994	1.3266	1.3266	0.25758	0.25761
15.001	15.001	19.994	19.994	1.3266	1.3266	0.25755	0.25758
15.001	15.001	19.994	19.994	1.3266	1.3266	0.25753	0.25755
15.001	15.001	19.994	19.994	1.3266	1.3266	0.2575	0.25753
15.001	15.001	19.994	19.994	1.3266	1.3266	0.25747	0.2575
15.001	15.001	19.995	19.994	1.3266	1.3266	0.25745	0.25747
15.001	15.001	19.995	19.995	1.3266	1.3266	0.25743	0.25745
15.001	15.001	19.995	19.995	1.3267	1.3266	0.2574	0.25743
15.001	15.001	19.995	19.995	1.3267	1.3267	0.25738	0.2574
15.001	15.001	19.995	19.995	1.3267	1.3267	0.25736	0.25738
15.001	15.001	19.995	19.995	1.3267	1.3267	0.25734	0.25736
15.001	15.001	19.996	19.995	1.3267	1.3267	0.25732	0.25734
15.001	15.001	19.996	19.996	1.3267	1.3267	0.25729	0.25732
15.001	15.001	19.996	19.996	1.3267	1.3267	0.25727	0.25729
15.001	15.001	19.996	19.996	1.3267	1.3267	0.25726	0.25727
15.001	15.001	19.996	19.996	1.3267	1.3267	0.25724	0.25726
15.001	15.001	19.996	19.996	1.3267	1.3267	0.25722	0.25724
15	15.001	19.996	19.996	1.3267	1.3267	0.2572	0.25722
15	15	19.996	19.996	1.3267	1.3267	0.25718	0.2572
15	15	19.996	19.996	1.3267	1.3267	0.25717	0.25718
15	15	19.997	19.996	1.3267	1.3267	0.25715	0.25717
15	15	19.997	19.997	1.3267	1.3267	0.25713	0.25715
15	15	19.997	19.997	1.3267	1.3267	0.25712	0.25713
15	15	19.997	19.997	1.3267	1.3267	0.2571	0.25712
15	15	19.997	19.997	1.3267	1.3267	0.25709	0.2571
15	15	19.997	19.997	1.3267	1.3267	0.25707	0.25709
15	15	19.997	19.997	1.3267	1.3267	0.25706	0.25707
15	15	19.997	19.997	1.3267	1.3267	0.25705	0.25706
15	15	19.997	19.997	1.3267	1.3267	0.25703	0.25705
15	15	19.997	19.997	1.3267	1.3267	0.25702	0.25703
15	15	19.997	19.997	1.3267	1.3267	0.25701	0.25702
15	15	19.997	19.997	1.3267	1.3267	0.257	0.25701
15	15	19.997	19.997	1.3267	1.3267	0.25698	0.257
15	15	19.997	19.997	1.3267	1.3267	0.25697	0.25698
15	15	19.998	19.997	1.3267	1.3267	0.25696	0.25697
15	15	19.998	19.998	1.3267	1.3267	0.25695	0.25696
15	15	19.998	19.998	1.3267	1.3267	0.25694	0.25695
15	15	19.998	19.998	1.3267	1.3267	0.25693	0.25694
15	15	19.998	19.998	1.3267	1.3267	0.25692	0.25693
15	15	19.998	19.998	1.3267	1.3267	0.25691	0.25692
15	15	19.998	19.998	1.3267	1.3267	0.2569	0.25691
15	15	19.998	19.998	1.3267	1.3267	0.25689	0.2569
15	15	19.998	19.998	1.3267	1.3267	0.25688	0.25689
15	15	19.998	19.998	1.3267	1.3267	0.25687	0.25688
15	15	19.998	19.998	1.3267	1.3267	0.25687	0.25687
15	15	19.998	19.998	1.3267	1.3267	0.25686	0.25687
15	15	19.998	19.998	1.3267	1.3267	0.25685	0.25686
15	15	19.998	19.998	1.3267	1.3267	0.25684	0.25685
15	15	19.998	19.998	1.3267	1.3267	0.25683	0.25684
15	15	19.998	19.998	1.3267	1.3267	0.25683	0.25683
15	15	19.998	19.998	1.3267	1.3267	0.25682	0.25683
15	15	19.999	19.998	1.3267	1.3267	0.25681	0.25682
15	15	19.999	19.999	1.3267	1.3267	0.2568	0.25681
15	15	19.999	19.999	1.3267	1.3267	0.2568	0.2568
15	15	19.999	19.999	1.3267	1.3267	0.25679	0.2568
15	15	19.999	19.999	1.3267	1.3267	0.25678	0.25679
15	15	19.999	19.999	1.3267	1.3267	0.25678	0.25678
15	15	19.999	19.999	1.3267	1.3267	0.25677	0.25678
15	15	19.999	19.999	1.3267	1.3267	0.25677	0.25677
15	15	19.999	19.999	1.3267	1.3267	0.25676	0.25677
15	15	19.999	19.999	1.3267	1.3267	0.25676	0.25676
15	15	19.999	19.999	1.3267	1.3267	0.25675	0.25676
15	15	19.999	19.999	1.3267	1.3267	0.25675	0.25675
15	15	19.999	19.999	1.3267	1.3267	0.25674	0.25675
15	15	19.999	19.999	1.3267	1.3267	0.25673	0.25674
15	15	19.999	19.999	1.3267	1.3267	0.25673	0.25673
15	15	19.999	19.999	1.3267	1.3267	0.25672	0.25673
15	15	19.999	19.999	1.3267	1.3267	0.25672	0.25672
15	15	19.999	19.999	1.3267	1.3267	0.25672	0.25672
15	15	19.999	19.999	1.3267	1.3267	0.25671	0.25672
15	15	19.999	19.999	1.3267	1.3267	0.25671	0.25671
15	15	19.999	19.999	1.3267	1.3267	0.2567	0.25671
15	15	19.999	19.999	1.3267	1.3267	0.2567	0.2567
15	15	19.999	19.999	1.3267	1.3267	0.2567	0.2567
15	15	19.999	19.999	1.3267	1.3267	0.25669	0.2567
15	15	19.999	19.999	1.3267	1.3267	0.25669	0.25669
15	15	19.999	19.999	1.3267	1.3267	0.25669	0.25669
15	15	19.999	19.999	1.3267	1.3267	0.25668	0.25669
15	15	19.999	19.999	1.3267	1.3267	0.25668	0.25668
15	15	19.999	19.999	1.3267	1.3267	0.25667	0.25668
15	15	19.999	19.999	1.3267	1.3267	0.25667	0.25667
15	15	19.999	19.999	1.3267	1.3267	0.25667	0.25667
15	15	19.999	19.999	1.3267	1.3267	0.25666	0.25667
15	15	19.999	19.999	1.3267	1.3267	0.25666	0.25666
15	15	19.999	19.999	1.3267	1.3267	0.25666	0.25666
15	15	19.999	19.999	1.3267	1.3267	0.25666	0.25666
15	15	19.999	19.999	1.3267	1.3267	0.25665	0.25666
15	15	19.999	19.999	1.3267	1.3267	0.25665	0.25665
15	15	19.999	19.999	1.3267	1.3267	0.25665	0.25665
15	15	20	19.999	1.3267	1.3267	0.2373	0.25665
15	15	20.007	20	1.3267	1.3267	0.22877	0.2373
15	15	20.012	20.007	1.3267	1.3267	0.22183	0.22877
15	15	20.015	20.012	1.3267	1.3267	0.21674	0.22183
15	15	20.017	20.015	1.3267	1.3267	0.21297	0.21674
15	15	20.019	20.017	1.3267	1.3267	0.21018	0.21297
15	15	20.02	20.019	1.3267	1.3267	0.20812	0.21018
15	15	20.021	20.02	1.3267	1.3267	0.2066	0.20812
15	15	20.021	20.021	1.3267	1.3267	0.20549	0.2066
15	15	20.021	20.021	1.3267	1.3267	0.20469	0.20549
15	15	20.021	20.021	1.3267	1.3267	0.2041	0.20469
15	15	20.021	20.021	1.3267	1.3267	0.20369	0.2041
15	15	20.021	20.021	1.3267	1.3267	0.2034	0.20369
15	15	20.02	20.021	1.3267	1.3267	0.2032	0.2034
15	15	20.02	20.02	1.3267	1.3267	0.20307	0.2032
15	15	20.02	20.02	1.3267	1.3267	0.20299	0.20307
15	15	20.019	20.02	1.3267	1.3267	0.20295	0.20299
15	15	20.019	20.019	1.3267	1.3267	0.20293	0.20295
15	15	20.018	20.019	1.3267	1.3267	0.20293	0.20293
15	15	20.018	20.018	1.3267	1.3267	0.20295	0.20293
15	15	20.017	20.018	1.3267	1.3267	0.20298	0.20295
15	15	20.017	20.017	1.3267	1.3267	0.20302	0.20298
15	15	20.016	20.017	1.3267	1.3267	0.20306	0.20302
15	15	20.016	20.016	1.3267	1.3267	0.2031	0.20306
15	15	20.016	20.016	1.3267	1.3267	0.20315	0.2031
15	15	20.015	20.016	1.3267	1.3267	0.2032	0.20315
15	15	20.015	20.015	1.3267	1.3267	0.20325	0.2032
15	15	20.014	20.015	1.3267	1.3267	0.2033	0.20325
15	15	20.014	20.014	1.3267	1.3267	0.20334	0.2033
15	15	20.014	20.014	1.3267	1.3267	0.20339	0.20334
15	15	20.013	20.014	1.3267	1.3267	0.20344	0.20339
15	15	20.013	20.013	1.3267	1.3267	0.20349	0.20344
15	15	20.013	20.013	1.3267	1.3267	0.20353	0.20349
15	15	20.012	20.013	1.3267	1.3267	0.20358	0.20353
15	15	20.012	20.012	1.3267	1.3267	0.20362	0.20358
15	15	20.012	20.012	1.3267	1.3267	0.20366	0.20362
15	15	20.011	20.012	1.3267	1.3267	0.2037	0.20366
15	15	20.011	20.011	1.3267	1.3267	0.20374	0.2037
15	15	20.011	20.011	1.3267	1.3267	0.20378	0.20374
15	15	20.01	20.011	1.3267	1.3267	0.20382	0.20378
15	15	20.01	20.01	1.3267	1.3267	0.20386	0.20382
15	15	20.01	20.01	1.3267	1.3267	0.20389	0.20386
15	15	20.01	20.01	1.3267	1.3267	0.20393	0.20389
15	15	20.009	20.01	1.3267	1.3267	0.20397	0.20393
15	15	20.009	20.009	1.3267	1.3267	0.204	0.20397
15	15	20.009	20.009	1.3267	1.3267	0.20403	0.204
15	15	20.009	20.009	1.3267	1.3267	0.20406	0.20403
15	15	20.008	20.009	1.3267	1.3267	0.20409	0.20406
15	15	20.008	20.008	1.3267	1.3267	0.20413	0.20409
15	15	20.008	20.008	1.3267	1.3267	0.20415	0.20413
15	15	20.008	20.008	1.3267	1.3267	0.20418	0.20415
15	15	20.008	20.008	1.3267	1.3267	0.20421	0.20418
15	15	20.007	20.008	1.3267	1.3267	0.20424	0.20421
15	15	20.007	20.007	1.3267	1.3267	0.20427	0.20424
15	15	20.007	20.007	1.3267	1.3267	0.20429	0.20427
15	15	20.007	20.007	1.3267	1.3267	0.20432	0.20429
15	15	20.007	20.007	1.3267	1.3267	0.20434	0.20432
15	15	20.006	20.007	1.3267	1.3267	0.20436	0.20434
15	15	20.006	20.006	1.3267	1.3267	0.20439	0.20436
15	15	20.006	20.006	1.3267	1.3267	0.20441	0.20439
15	15	20.006	20.006	1.3267	1.3267	0.20443	0.20441
15	15	20.006	20.006	1.3267	1.3267	0.20445	0.20443
15	15	20.006	20.006	1.3267	1.3267	0.20447	0.20445
15	15	20.006	20.006	1.3267	1.3267	0.20449	0.20447
15	15	20.005	20.006	1.3267	1.3267	0.20451	0.20449
15	15	20.005	20.005	1.3267	1.3267	0.20453	0.20451
15	15	20.005	20.005	1.3267	1.3267	0.20455	0.20453
15	15	20.005	20.005	1.3267	1.3267	0.20457	0.20455
15	15	20.005	20.005	1.3267	1.3267	0.20459	0.20457
15	15	20.005	20.005	1.3267	1.3267	0.20461	0.20459
15	15	20.005	20.005	1.3267	1.3267	0.20462	0.20461
15	15	20.004	20.005	1.3267	1.3267	0.20464	0.20462
15	15	20.004	20.004	1.3267	1.3267	0.20466	0.20464
15	15	20.004	20.004	1.3267	1.3267	0.20467	0.20466
15	15	20.004	20.004	1.3267	1.3267	0.20469	0.20467
15	15	20.004	20.004	1.3267	1.3267	0.2047	0.20469
15	15	20.004	20.004	1.3267	1.3267	0.20471	0.2047
15	15	20.004	20.004	1.3267	1.3267	0.20473	0.20471
15	15	20.004	20.004	1.3267	1.3267	0.20474	0.20473
15	15	20.004	20.004	1.3267	1.3267	0.20475	0.20474
15	15	20.003	20.004	1.3267	1.3267	0.20477	0.20475
15	15	20.003	20.003	1.3267	1.3267	0.20478	0.20477
15	15	20.003	20.003	1.3267	1.3267	0.20479	0.20478
15	15	20.003	20.003	1.3267	1.3267	0.2048	0.20479
15	15	20.003	20.003	1.3267	1.3267	0.20482	0.2048
15	15	20.003	20.003	1.3267	1.3267	0.20483	0.20482
15	15	20.003	20.003	1.3267	1.3267	0.20484	0.20483
15	15	20.003	20.003	1.3267	1.3267	0.20485	0.20484
15	15	20.003	20.003	1.3267	1.3267	0.20486	0.20485
15	15	20.003	20.003	1.3267	1.3267	0.20487	0.20486
15	15	20.003	20.003	1.3267	1.3267	0.20488	0.20487
15	15	20.003	20.003	1.3267	1.3267	0.20489	0.20488
15	15	20.003	20.003	1.3267	1.3267	0.2049	0.20489
15	15	20.003	20.003	1.3267	1.3267	0.20491	0.2049
15	15	20.002	20.003	1.3267	1.3267	0.20492	0.20491
15	15	20.002	20.002	1.3267	1.3267	0.20493	0.20492
15	15	20.002	20.002	1.3267	1.3267	0.20493	0.20493
15	15	20.002	20.002	1.3267	1.3267	0.20494	0.20493
15	15	20.002	20.002	1.3267	1.3267	0.20495	0.20494
15	15	20.002	20.002	1.3267	1.3267	0.20496	0.20495
15	15	20.002	20.002	1.3267	1.3267	0.20497	0.20496
15	15	20.002	20.002	1.3267	1.3267	0.20497	0.20497
15	15	20.002	20.002	1.3267	1.3267	0.20498	0.20497
15	15	20.002	20.002	1.3267	1.3267	0.20499	0.20498
15	15	20.002	20.002	1.3267	1.3267	0.20499	0.20499
15	15	20.002	20.002	1.3267	1.3267	0.205	0.20499
15	15	20.002	20.002	1.3267	1.3267	0.20501	0.205
15	15	20.002	20.002	1.3267	1.3267	0.20501	0.20501
15	15	20.002	20.002	1.3267	1.3267	0.20502	0.20501
15	15	20.002	20.002	1.3267	1.3267	0.20503	0.20502
15	15	20.002	20.002	1.3267	1.3267	0.20503	0.20503
15	15	20.002	20.002	1.3267	1.3267	0.20504	0.20503
15	15	20.002	20.002	1.3267	1.3267	0.20504	0.20504
15	15	20.001	20.002	1.3267	1.3267	0.20505	0.20504
15	15	20.001	20.001	1.3267	1.3267	0.20505	0.20505
15	15	20.001	20.001	1.3267	1.3267	0.20506	0.20505
15	15	20.001	20.001	1.3267	1.3267	0.20506	0.20506
15	15	20.001	20.001	1.3267	1.3267	0.20507	0.20506
15	15	20.001	20.001	1.3267	1.3267	0.20507	0.20507
15	15	20.001	20.001	1.3267	1.3267	0.20508	0.20507
15	15	20.001	20.001	1.3267	1.3267	0.20508	0.20508
15	15	20.001	20.001	1.3267	1.3267	0.20508	0.20508
15	15	20.001	20.001	1.3267	1.3267	0.20509	0.20508
15	15	20.001	20.001	1.3267	1.3267	0.20509	0.20509
15	15	20.001	20.001	1.3267	1.3267	0.2051	0.20509
15	15	20.001	20.001	1.3267	1.3267	0.2051	0.2051
15	15	20.001	20.001	1.3267	1.3267	0.20511	0.2051
15	15	20.001	20.001	1.3267	1.3267	0.20511	0.20511
15	15	20.001	20.001	1.3267	1.3267	0.20511	0.20511
15	15	20.001	20.001	1.3267	1.3267	0.20512	0.20511
15	15	20.001	20.001	1.3267	1.3267	0.20512	0.20512
15	15	20.001	20.001	1.3267	1.3267	0.20512	0.20512
15	15	20.001	20.001	1.3267	1.3267	0.20513	0.20512
15	15	20.001	20.001	1.3267	1.3267	0.20513	0.20513
15	15	20.001	20.001	1.3267	1.3267	0.20513	0.20513
15	15	20.001	20.001	1.3267	1.3267	0.20514	0.20513
15	15	20.001	20.001	1.3267	1.3267	0.20514	0.20514
15	15	20.001	20.001	1.3267	1.3267	0.20514	0.20514
15	15	20.001	20.001	1.3267	1.3267	0.20514	0.20514
15	15	20.001	20.001	1.3267	1.3267	0.20515	0.20514
15	15	20.001	20.001	1.3267	1.3267	0.20515	0.20515
15	15	20.001	20.001	1.3267	1.3267	0.20515	0.20515
15	15	20.001	20.001	1.3267	1.3267	0.20515	0.20515
15	15	20.001	20.001	1.3267	1.3267	0.20516	0.20515
15	15	20.001	20.001	1.3267	1.3267	0.20516	0.20516
15	15	20.001	20.001	1.3267	1.3267	0.20516	0.20516
15	15	20.001	20.001	1.3267	1.3267	0.20516	0.20516
15	15	20.001	20.001	1.3267	1.3267	0.20516	0.20516
15	15	20.001	20.001	1.3267	1.3267	0.20517	0.20516
15	15	20.001	20.001	1.3267	1.3267	0.20517	0.20517
15	15	20	20.001	1.4267	1.3267	0.22096	0.20517
14.961	15	19.994	20	1.4782	1.4267	0.22967	0.22096
14.934	14.961	19.99	19.994	1.5212	1.4782	0.23716	0.22967
14.913	14.934	19.986	19.99	1.555	1.5212	0.24327	0.23716
14.897	14.913	19.983	19.986	1.5818	1.555	0.24827	0.24327
14.886	14.897	19.981	19.983	1.6029	1.5818	0.25232	0.24827
14.877	14.886	19.98	19.981	1.6196	1.6029	0.2556	0.25232
14.872	14.877	19.978	19.98	1.6327	1.6196	0.25823	0.2556
14.868	14.872	19.977	19.978	1.6429	1.6327	0.26033	0.25823
14.866	14.868	19.977	19.977	1.651	1.6429	0.26199	0.26033
14.865	14.866	19.977	19.977	1.6573	1.651	0.26329	0.26199
14.865	14.865	19.977	19.977	1.6621	1.6573	0.2643	0.26329
14.865	14.865	19.977	19.977	1.6659	1.6621	0.26506	0.2643
14.867	14.865	19.977	19.977	1.6687	1.6659	0.26562	0.26506
14.868	14.867	19.977	19.977	1.6708	1.6687	0.26602	0.26562
14.871	14.868	19.977	19.977	1.6725	1.6708	0.26629	0.26602
14.873	14.871	19.978	19.977	1.6736	1.6725	0.26645	0.26629
14.875	14.873	19.978	19.978	1.6744	1.6736	0.26653	0.26645
14.878	14.875	19.979	19.978	1.675	1.6744	0.26654	0.26653
14.881	14.878	19.979	19.979	1.6753	1.675	0.26649	0.26654
14.883	14.881	19.98	19.979	1.6755	1.6753	0.2664	0.26649
14.886	14.883	19.98	19.98	1.6755	1.6755	0.26628	0.2664
14.889	14.886	19.981	19.98	1.6754	1.6755	0.26613	0.26628
14.892	14.889	19.981	19.981	1.6753	1.6754	0.26597	0.26613
14.894	14.892	19.982	19.981	1.6751	1.6753	0.26578	0.26597
14.897	14.894	19.982	19.982	1.6748	1.6751	0.26559	0.26578
14.9	14.897	19.983	19.982	1.6745	1.6748	0.26539	0.26559
14.902	14.9	19.983	19.983	1.6742	1.6745	0.26518	0.26539
14.905	14.902	19.984	19.983	1.6739	1.6742	0.26497	0.26518
14.907	14.905	19.984	19.984	1.6736	1.6739	0.26476	0.26497
14.91	14.907	19.985	19.984	1.6732	1.6736	0.26455	0.26476
14.912	14.91	19.985	19.985	1.6729	1.6732	0.26434	0.26455
14.915	14.912	19.986	19.985	1.6725	1.6729	0.26414	0.26434
14.917	14.915	19.986	19.986	1.6722	1.6725	0.26393	0.26414
14.919	14.917	19.987	19.986	1.6718	1.6722	0.26373	0.26393
14.921	14.919	19.987	19.987	1.6715	1.6718	0.26353	0.26373
14.923	14.921	19.988	19.987	1.6711	1.6715	0.26334	0.26353
14.925	14.923	19.988	19.988	1.6708	1.6711	0.26315	0.26334
14.927	14.925	19.988	19.988	1.6705	1.6708	0.26297	0.26315
14.929	14.927	19.989	19.988	1.6702	1.6705	0.26279	0.26297
14.931	14.929	19.989	19.989	1.6699	1.6702	0.26261	0.26279
14.933	14.931	19.99	19.989	1.6696	1.6699	0.26244	0.26261
14.935	14.933	19.99	19.99	1.6693	1.6696	0.26227	0.26244
14.937	14.935	19.99	19.99	1.669	1.6693	0.26211	0.26227
14.938	14.937	19.991	19.99	1.6687	1.669	0.26195	0.26211
14.94	14.938	19.991	19.991	1.6684	1.6687	0.2618	0.26195
14.942	14.94	19.991	19.991	1.6682	1.6684	0.26165	0.2618
14.943	14.942	19.991	19.991	1.6679	1.6682	0.2615	0.26165
14.945	14.943	19.992	19.991	1.6677	1.6679	0.26136	0.2615
14.946	14.945	19.992	19.992	1.6674	1.6677	0.26122	0.26136
14.948	14.946	19.992	19.992	1.6672	1.6674	0.26109	0.26122
14.949	14.948	19.993	19.992	1.6669	1.6672	0.26096	0.26109
14.95	14.949	19.993	19.993	1.6667	1.6669	0.26083	0.26096
14.952	14.95	19.993	19.993	1.6665	1.6667	0.26071	0.26083
14.953	14.952	19.993	19.993	1.6663	1.6665	0.26059	0.26071
14.954	14.953	19.993	19.993	1.6661	1.6663	0.26048	0.26059
14.955	14.954	19.994	19.993	1.6658	1.6661	0.26037	0.26048
14.957	14.955	19.994	19.994	1.6656	1.6658	0.26026	0.26037
14.958	14.957	19.994	19.994	1.6655	1.6656	0.26015	0.26026
14.959	14.958	19.994	19.994	1.6653	1.6655	0.26005	0.26015
14.96	14.959	19.994	19.994	1.6651	1.6653	0.25995	0.26005
14.961	14.96	19.995	19.994	1.6649	1.6651	0.25985	0.25995
14.962	14.961	19.995	19.995	1.6647	1.6649	0.25975	0.25985
14.963	14.962	19.995	19.995	1.6646	1.6647	0.25966	0.25975
14.964	14.963	19.995	19.995	1.6644	1.6646	0.25957	0.25966
14.965	14.964	19.995	19.995	1.6642	1.6644	0.25949	0.25957
14.966	14.965	19.996	19.995	1.6641	1.6642	0.2594	0.25949
14.967	14.966	19.996	19.996	1.6639	1.6641	0.25932	0.2594
14.968	14.967	19.996	19.996	1.6638	1.6639	0.25924	0.25932
14.969	14.968	19.996	19.996	1.6636	1.6638	0.25916	0.25924
14.97	14.969	19.996	19.996	1.6635	1.6636	0.25909	0.25916
14.97	14.97	19.996	19.996	1.6634	1.6635	0.25902	0.25909
14.971	14.97	19.996	19.996	1.6632	1.6634	0.25894	0.25902
14.972	14.971	19.996	19.996	1.6631	1.6632	0.25888	0.25894
14.973	14.972	19.997	19.996	1.663	1.6631	0.25881	0.25888
14.973	14.973	19.997	19.997	1.6628	1.663	0.25874	0.25881
14.974	14.973	19.997	19.997	1.6627	1.6628	0.25868	0.25874
14.975	14.974	19.997	19.997	1.6626	1.6627	0.25862	0.25868
14.976	14.975	19.997	19.997	1.6625	1.6626	0.25856	0.25862
14.976	14.976	19.997	19.997	1.6624	1.6625	0.2585	0.25856
14.977	14.976	19.997	19.997	1.6623	1.6624	0.25845	0.2585
14.977	14.977	19.997	19.997	1.6622	1.6623	0.25839	0.25845
14.978	14.977	19.997	19.997	1.6621	1.6622	0.25834	0.25839
14.979	14.978	19.997	19.997	1.662	1.6621	0.25829	0.25834
14.979	14.979	19.998	19.997	1.6619	1.662	0.25824	0.25829
14.98	14.979	19.998	19.998	1.6618	1.6619	0.25819	0.25824
14.98	14.98	19.998	19.998	1.6617	1.6618	0.25814	0.25819
14.981	14.98	19.998	19.998	1.6616	1.6617	0.2581	0.25814
14.981	14.981	19.998	19.998	1.6615	1.6616	0.25805	0.2581
14.982	14.981	19.998	19.998	1.6614	1.6615	0.25801	0.25805
14.982	14.982	19.998	19.998	1.6614	1.6614	0.25797	0.25801
14.983	14.982	19.998	19.998	1.6613	1.6614	0.25793	0.25797
14.983	14.983	19.998	19.998	1.6612	1.6613	0.25789	0.25793
14.984	14.983	19.998	19.998	1.6611	1.6612	0.25785	0.25789
14.984	14.984	19.998	19.998	1.661	1.6611	0.25781	0.25785
14.985	14.984	19.998	19.998	1.661	1.661	0.25777	0.25781
14.985	14.985	19.998	19.998	1.6609	1.661	0.25774	0.25777
14.985	14.985	19.999	19.998	1.6608	1.6609	0.25771	0.25774
14.986	14.985	19.999	19.999	1.6608	1.6608	0.25767	0.25771
14.986	14.986	19.999	19.999	1.6607	1.6608	0.25764	0.25767
14.986	14.986	19.999	19.999	1.6607	1.6607	0.25761	0.25764
14.987	14.986	19.999	19.999	1.6606	1.6607	0.25758	0.25761
14.987	14.987	19.999	19.999	1.6605	1.6606	0.25755	0.25758
14.988	14.987	19.999	19.999	1.6605	1.6605	0.25752	0.25755
14.988	14.988	19.999	19.999	1.6604	1.6605	0.25749	0.25752
14.988	14.988	19.999	19.999	1.6604	1.6604	0.25747	0.25749
14.989	14.988	19.999	19.999	1.6603	1.6604	0.25744	0.25747
14.989	14.989	19.999	19.999	1.6603	1.6603	0.25741	0.25744
14.989	14.989	19.999	19.999	1.6602	1.6603	0.25739	0.25741
14.989	14.989	19.999	19.999	1.6602	1.6602	0.25737	0.25739
14.99	14.989	19.999	19.999	1.6601	1.6602	0.25734	0.25737
14.99	14.99	19.999	19.999	1.6601	1.6601	0.25732	0.25734
14.99	14.99	19.999	19.999	1.66	1.6601	0.2573	0.25732
14.991	14.99	19.999	19.999	1.66	1.66	0.25727	0.2573
14.991	14.991	19.999	19.999	1.6599	1.66	0.25725	0.25727
14.991	14.991	19.999	19.999	1.6599	1.6599	0.25723	0.25725
14.991	14.991	19.999	19.999	1.6599	1.6599	0.25721	0.25723
14.992	14.991	19.999	19.999	1.6598	1.6599	0.2572	0.25721
14.992	14.992	19.999	19.999	1.6598	1.6598	0.25718	0.2572
14.992	14.992	19.999	19.999	1.6597	1.6598	0.25716	0.25718
14.992	14.992	19.999	19.999	1.6597	1.6597	0.25714	0.25716
14.992	14.992	19.999	19.999	1.6597	1.6597	0.25712	0.25714
14.993	14.992	19.999	19.999	1.6596	1.6597	0.25711	0.25712
14.993	14.993	19.999	19.999	1.6596	1.6596	0.25709	0.25711
14.993	14.993	19.999	19.999	1.6596	1.6596	0.25708	0.25709
14.993	14.993	20	19.999	1.6595	1.6596	0.25706	0.25708
14.993	14.993	20	20	1.6595	1.6595	0.25705	0.25706
14.993	14.993	20	20	1.6595	1.6595	0.25703	0.25705
14.994	14.993	20	20	1.6595	1.6595	0.25702	0.25703
14.994	14.994	20	20	1.6594	1.6595	0.257	0.25702
14.994	14.994	20	20	1.6594	1.6594	0.25699	0.257
14.994	14.994	20	20	1.6594	1.6594	0.25698	0.25699
14.994	14.994	20	20	1.6593	1.6594	0.25697	0.25698
14.995	14.994	20	20	1.6593	1.6593	0.25695	0.25697
14.995	14.995	20	20	1.6593	1.6593	0.25694	0.25695
14.995	14.995	20	20	1.6593	1.6593	0.25693	0.25694
14.995	14.995	20	20	1.6592	1.6593	0.25692	0.25693
14.995	14.995	20	20	1.6592	1.6592	0.25691	0.25692
14.995	14.995	20	20	1.6592	1.6592	0.2569	0.25691
14.995	14.995	20	20	1.6592	1.6592	0.25689	0.2569
14.996	14.995	20	20	1.6592	1.6592	0.25688	0.25689
14.996	14.996	20	20	1.6591	1.6592	0.25687	0.25688
14.996	14.996	20	20	1.6591	1.6591	0.25686	0.25687
14.996	14.996	20	20	1.6591	1.6591	0.25685	0.25686
14.996	14.996	20	20	1.6591	1.6591	0.25684	0.25685
14.996	14.996	20	20	1.6591	1.6591	0.25684	0.25684
14.996	14.996	20	20	1.659	1.6591	0.25683	0.25684
14.996	14.996	20	20	1.659	1.659	0.25682	0.25683
14.996	14.996	20	20	1.659	1.659	0.25681	0.25682
14.996	14.996	20	20	1.659	1.659	0.25681	0.25681
14.996	14.996	20	20	1.534	1.659	0.23703	0.25681
15.046	14.996	20.008	20	1.4789	1.534	0.22765	0.23703
15.076	15.046	20.013	20.008	1.4342	1.4789	0.21984	0.22765
15.098	15.076	20.016	20.013	1.4015	1.4342	0.2139	0.21984
15.113	15.098	20.019	20.016	1.3771	1.4015	0.20936	0.2139
15.124	15.113	20.021	20.019	1.3592	1.3771	0.20592	0.20936
15.13	15.124	20.022	20.021	1.3459	1.3592	0.20333	0.20592
15.134	15.13	20.023	20.022	1.3362	1.3459	0.20139	0.20333
15.136	15.134	20.024	20.023	1.3291	1.3362	0.19997	0.20139
15.137	15.136	20.024	20.024	1.3239	1.3291	0.19893	0.19997
15.136	15.137	20.024	20.024	1.3201	1.3239	0.1982	0.19893
15.135	15.136	20.024	20.024	1.3175	1.3201	0.19769	0.1982
15.133	15.135	20.023	20.024	1.3156	1.3175	0.19736	0.19769
15.131	15.133	20.023	20.023	1.3143	1.3156	0.19717	0.19736
15.128	15.131	20.023	20.023	1.3135	1.3143	0.19707	0.19717
15.126	15.128	20.022	20.023	1.3129	1.3135	0.19706	0.19707
15.123	15.126	20.022	20.022	1.3126	1.3129	0.1971	0.19706
15.12	15.123	20.021	20.022	1.3125	1.3126	0.19718	0.1971
15.117	15.12	20.02	20.021	1.3125	1.3125	0.19729	0.19718
15.114	15.117	20.02	20.02	1.3126	1.3125	0.19743	0.19729
15.111	15.114	20.019	20.02	1.3128	1.3126	0.19758	0.19743
15.108	15.111	20.019	20.019	1.313	1.3128	0.19775	0.19758
15.106	15.108	20.018	20.019	1.3133	1.313	0.19792	0.19775
15.103	15.106	20.018	20.018	1.3136	1.3133	0.19809	0.19792
15.1	15.103	20.017	20.018	1.3138	1.3136	0.19827	0.19809
15.098	15.1	20.017	20.017	1.3141	1.3138	0.19844	0.19827
15.095	15.098	20.016	20.017	1.3144	1.3141	0.19862	0.19844
15.093	15.095	20.016	20.016	1.3147	1.3144	0.19879	0.19862
15.09	15.093	20.015	20.016	1.315	1.3147	0.19896	0.19879
15.088	15.09	20.015	20.015	1.3153	1.315	0.19913	0.19896
15.086	15.088	20.014	20.015	1.3156	1.3153	0.19929	0.19913
15.083	15.086	20.014	20.014	1.3159	1.3156	0.19945	0.19929
15.081	15.083	20.014	20.014	1.3162	1.3159	0.19961	0.19945
15.079	15.081	20.013	20.014	1.3164	1.3162	0.19977	0.19961
15.077	15.079	20.013	20.013	1.3167	1.3164	0.19992	0.19977
15.075	15.077	20.012	20.013	1.317	1.3167	0.20006	0.19992
15.073	15.075	20.012	20.012	1.3172	1.317	0.2002	0.20006
15.071	15.073	20.012	20.012	1.3175	1.3172	0.20034	0.2002
15.069	15.071	20.011	20.012	1.3177	1.3175	0.20048	0.20034
15.067	15.069	20.011	20.011	1.318	1.3177	0.20061	0.20048
15.066	15.067	20.011	20.011	1.3182	1.318	0.20074	0.20061
15.064	15.066	20.01	20.011	1.3184	1.3182	0.20086	0.20074
15.062	15.064	20.01	20.01	1.3186	1.3184	0.20098	0.20086
15.061	15.062	20.01	20.01	1.3188	1.3186	0.2011	0.20098
15.059	15.061	20.009	20.01	1.319	1.3188	0.20121	0.2011
15.057	15.059	20.009	20.009	1.3192	1.319	0.20133	0.20121
15.056	15.057	20.009	20.009	1.3194	1.3192	0.20143	0.20133
15.055	15.056	20.009	20.009	1.3196	1.3194	0.20154	0.20143
15.053	15.055	20.008	20.009	1.3198	1.3196	0.20164	0.20154
15.052	15.053	20.008	20.008	1.32	1.3198	0.20174	0.20164
15.05	15.052	20.008	20.008	1.3202	1.32	0.20184	0.20174
15.049	15.05	20.008	20.008	1.3203	1.3202	0.20193	0.20184
15.048	15.049	20.007	20.008	1.3205	1.3203	0.20202	0.20193
15.046	15.048	20.007	20.007	1.3207	1.3205	0.20211	0.20202
15.045	15.046	20.007	20.007	1.3208	1.3207	0.2022	0.20211
15.044	15.045	20.007	20.007	1.321	1.3208	0.20228	0.2022
15.043	15.044	20.006	20.007	1.3211	1.321	0.20236	0.20228
15.042	15.043	20.006	20.006	1.3213	1.3211	0.20244	0.20236
15.041	15.042	20.006	20.006	1.3214	1.3213	0.20252	0.20244
15.04	15.041	20.006	20.006	1.3216	1.3214	0.2026	0.20252
15.039	15.04	20.006	20.006	1.3217	1.3216	0.20267	0.2026
15.038	15.039	20.006	20.006	1.3218	1.3217	0.20274	0.20267
15.037	15.038	20.005	20.006	1.322	1.3218	0.20281	0.20274
15.036	15.037	20.005	20.005	1.3221	1.322	0.20288	0.20281
15.035	15.036	20.005	20.005	1.3222	1.3221	0.20294	0.20288
15.034	15.035	20.005	20.005	1.3223	1.3222	0.20301	0.20294
15.033	15.034	20.005	20.005	1.3224	1.3223	0.20307	0.20301
15.032	15.033	20.005	20.005	1.3226	1.3224	0.20313	0.20307
15.031	15.032	20.004	20.005	1.3227	1.3226	0.20319	0.20313
15.03	15.031	20.004	20.004	1.3228	1.3227	0.20325	0.20319
15.03	15.03	20.004	20.004	1.3229	1.3228	0.2033	0.20325
15.029	15.03	20.004	20.004	1.323	1.3229	0.20335	0.2033
15.028	15.029	20.004	20.004	1.3231	1.323	0.20341	0.20335
15.027	15.028	20.004	20.004	1.3232	1.3231	0.20346	0.20341
15.027	15.027	20.004	20.004	1.3233	1.3232	0.20351	0.20346
15.026	15.027	20.003	20.004	1.3234	1.3233	0.20356	0.20351
15.025	15.026	20.003	20.003	1.3234	1.3234	0.2036	0.20356
15.025	15.025	20.003	20.003	1.3235	1.3234	0.20365	0.2036
15.024	15.025	20.003	20.003	1.3236	1.3235	0.20369	0.20365
15.023	15.024	20.003	20.003	1.3237	1.3236	0.20373	0.20369
15.023	15.023	20.003	20.003	1.3238	1.3237	0.20378	0.20373
15.022	15.023	20.003	20.003	1.3239	1.3238	0.20382	0.20378
15.022	15.022	20.003	20.003	1.3239	1.3239	0.20386	0.20382
15.021	15.022	20.003	20.003	1.324	1.3239	0.20389	0.20386
15.02	15.021	20.003	20.003	1.3241	1.324	0.20393	0.20389
15.02	15.02	20.003	20.003	1.3241	1.3241	0.20397	0.20393
15.019	15.02	20.003	20.003	1.3242	1.3241	0.204	0.20397
15.019	15.019	20.002	20.003	1.3243	1.3242	0.20404	0.204
15.018	15.019	20.002	20.002	1.3243	1.3243	0.20407	0.20404
15.018	15.018	20.002	20.002	1.3244	1.3243	0.2041	0.20407
15.017	15.018	20.002	20.002	1.3245	1.3244	0.20414	0.2041
15.017	15.017	20.002	20.002	1.3245	1.3245	0.20417	0.20414
15.016	15.017	20.002	20.002	1.3246	1.3245	0.2042	0.20417
15.016	15.016	20.002	20.002	1.3246	1.3246	0.20423	0.2042
15.016	15.016	20.002	20.002	1.3247	1.3246	0.20425	0.20423
15.015	15.016	20.002	20.002	1.3248	1.3247	0.20428	0.20425
15.015	15.015	20.002	20.002	1.3248	1.3248	0.20431	0.20428
15.014	15.015	20.002	20.002	1.3249	1.3248	0.20433	0.20431
15.014	15.014	20.002	20.002	1.3249	1.3249	0.20436	0.20433
15.014	15.014	20.002	20.002	1.3249	1.3249	0.20438	0.20436
15.013	15.014	20.002	20.002	1.325	1.3249	0.20441	0.20438
15.013	15.013	20.002	20.002	1.325	1.325	0.20443	0.20441
15.013	15.013	20.002	20.002	1.3251	1.325	0.20445	0.20443
15.012	15.013	20.001	20.002	1.3251	1.3251	0.20447	0.20445
15.012	15.012	20.001	20.001	1.3252	1.3251	0.2045	0.20447
15.012	15.012	20.001	20.001	1.3252	1.3252	0.20452	0.2045
15.011	15.012	20.001	20.001	1.3253	1.3252	0.20454	0.20452
15.011	15.011	20.001	20.001	1.3253	1.3253	0.20456	0.20454
15.011	15.011	20.001	20.001	1.3253	1.3253	0.20458	0.20456
15.011	15.011	20.001	20.001	1.3254	1.3253	0.2046	0.20458
15.01	15.011	20.001	20.001	1.3254	1.3254	0.20461	0.2046
15.01	15.01	20.001	20.001	1.3254	1.3254	0.20463	0.20461
15.01	15.01	20.001	20.001	1.3255	1.3254	0.20465	0.20463
15.009	15.01	20.001	20.001	1.3255	1.3255	0.20466	0.20465
15.009	15.009	20.001	20.001	1.3255	1.3255	0.20468	0.20466
15.009	15.009	20.001	20.001	1.3256	1.3255	0.2047	0.20468
15.009	15.009	20.001	20.001	1.3256	1.3256	0.20471	0.2047
15.008	15.009	20.001	20.001	1.3256	1.3256	0.20473	0.20471
15.008	15.008	20.001	20.001	1.3257	1.3256	0.20474	0.20473
15.008	15.008	20.001	20.001	1.3257	1.3257	0.20475	0.20474
15.008	15.008	20.001	20.001	1.3257	1.3257	0.20477	0.20475
15.008	15.008	20.001	20.001	1.3257	1.3257	0.20478	0.20477
15.007	15.008	20.001	20.001	1.3258	1.3257	0.20479	0.20478
15.007	15.007	20.001	20.001	1.3258	1.3258	0.20481	0.20479
15.007	15.007	20.001	20.001	1.3258	1.3258	0.20482	0.20481
15.007	15.007	20.001	20.001	1.3258	1.3258	0.20483	0.20482
15.007	15.007	20.001	20.001	1.3259	1.3258	0.20484	0.20483
15.007	15.007	20.001	20.001	1.3259	1.3259	0.20485	0.20484
15.006	15.007	20.001	20.001	1.3259	1.3259	0.20486	0.20485
15.006	15.006	20.001	20.001	1.3259	1.3259	0.20488	0.20486
15.006	15.006	20.001	20.001	1.3259	1.3259	0.20489	0.20488
15.006	15.006	20.001	20.001	1.326	1.3259	0.20489	0.20489
15.006	15.006	20	20.001	1.326	1.326	0.20491	0.20489
15.006	15.006	20	20	1.326	1.326	0.20491	0.20491
15.005	15.006	20	20	1.326	1.326	0.20492	0.20491
15.005	15.005	20	20	1.326	1.326	0.20493	0.20492
15.005	15.005	20	20	1.3261	1.326	0.20494	0.20493
15.005	15.005	20	20	1.3261	1.3261	0.20495	0.20494
15.005	15.005	20	20	1.3261	1.3261	0.20496	0.20495
15.005	15.005	20	20	1.3261	1.3261	0.20497	0.20496
15.005	15.005	20	20	1.3261	1.3261	0.20497	0.20497
15.005	15.005	20	20	1.3261	1.3261	0.20498	0.20497
15.004	15.005	20	20	1.3262	1.3261	0.20499	0.20498
15.004	15.004	20	20	1.3262	1.3262	0.205	0.20499
15.004	15.004	20	20	1.3262	1.3262	0.205	0.205
15.004	15.004	20	20	1.3262	1.3262	0.20501	0.205
15.004	15.004	20	20	1.3262	1.3262	0.20502	0.20501
15.004	15.004	20	20	1.3262	1.3262	0.20502	0.20502
15.004	15.004	20	20	1.3262	1.3262	0.20503	0.20502
